618717891224000000902400000028
0002515989122407034135187690000012789169248833
0002515989122407047618187640000005189138262065
0002515989122407049302187630000017389171262678
0002515989122408084280187690000004889175262976
0002515989122408085151187610000003189148547917
0002515989122408085302187640000020389192990071
0002515989122408106270187640000009389124261722
0002515989122408112167187610000033589170882210
0002515989122409019569187630000007989169878775
0002515989122409019575187690000014889100990378
0002515989122410055504187680000013389191251176
0002515989122410080971187650000008189175881496
0002515989122401081650187670000006389190244861
0002515989122403094233187680000004289142246634
0002515989122403097263187600000352289182679523
0002515989122403103015187640000118789117246412
0002515989122403115683187600000038689158882272
0002515989122403124086187640000000889197254144
0002515989122404109437187610000008289123248231
0002515989122404119347187630000004989123557226
0002515989122405100178187650000016789143250518
0002515989122405131560187640000010789170242852
0002515989122405135231187620000111689148877974
0002515989122406041499187630000035389151237557
0002515989122406069333187670000005689107876006
0002515989122413026331187600000031189160254763
0002515989122413035215187620000004489153250054
0002515989122413041856187680000002989131242438